0  1396.484375
500  1342.7734375
1000  1269.53125
1500  1196.2890625
2000  1142.578125
2500  1083.984375
3000  1035.15625
3500  986.328125
4000  942.3828125
4500  888.671875
5000  849.609375
5500  810.546875
6000  771.484375
6500  737.3046875
7000  708.0078125
7500  673.828125
8000  644.53125
8500  615.234375
9000  585.9375
9500  561.5234375
10000  537.109375
10500  512.6953125
11000  493.1640625
11500  468.75
12000  449.21875
12500  429.6875
13000  410.15625
13500  395.5078125
14000  375.9765625
14500  361.328125
15000  346.6796875
15500  332.03125
16000  317.3828125
16500  302.734375
17000  292.96875
17500  278.3203125
18000  268.5546875
18500  258.7890625
19000  249.0234375
19500  239.2578125
20000  229.4921875
20500  219.7265625
21000  209.9609375
21500  205.078125
22000  195.3125
22500  190.4296875
23000  180.6640625
23500  175.78125
24000  170.8984375
24500  161.1328125
25000  156.25
25500  151.3671875
26000  146.484375
26500  141.6015625
27000  136.71875
27500  131.8359375
28000  126.953125
28500  122.0703125
29000  117.1875
29500  112.3046875
30000  107.421875
30500  107.421875
31000  102.5390625
31500  102.5390625
32000  97.65625
32500  92.7734375
33000  87.890625
33500  87.890625
34000  83.0078125
34500  83.0078125
35000  78.125
35500  78.125
36000  73.2421875
36500  73.2421875
37000  68.359375
37500  68.359375
38000  63.4765625
38500  63.4765625
39000  58.59375
39500  58.59375
40000  58.59375
